{
 "cells": [
  {
   "cell_type": "markdown",
   "id": "38b3e720",
   "metadata": {},
   "source": [
    "# Import Libraries"
   ]
  },
  {
   "cell_type": "code",
   "execution_count": 1,
   "id": "45d19f08",
   "metadata": {},
   "outputs": [],
   "source": [
    "import pandas as pd\n",
    "import numpy as np\n",
    "import matplotlib.pyplot as plt\n",
    "import seaborn as sns\n",
    "import mysql.connector as sql\n",
    "from sklearn.compose import ColumnTransformer\n",
    "from sklearn.preprocessing import StandardScaler\n",
    "from sklearn.pipeline import Pipeline ,make_pipeline\n",
    "import joblib\n",
    "from feature_engine.outliers import Winsorizer\n",
    "from sklearn.preprocessing import LabelEncoder\n",
    "import scipy.stats as stats\n",
    "from sklearn.preprocessing import FunctionTransformer\n",
    "from sklearn.model_selection import train_test_split\n",
    "from sklearn.linear_model import LogisticRegression\n",
    "from sklearn.svm import SVC\n",
    "from sklearn.metrics import accuracy_score\n",
    "from sklearn import metrics\n",
    "from xgboost import XGBClassifier\n",
    "from sklearn.metrics import confusion_matrix\n",
    "from sklearn.ensemble import RandomForestClassifier\n",
    "from sklearn.neighbors import KNeighborsClassifier\n",
    "from sklearn.preprocessing import LabelEncoder\n",
    "from flaml import AutoML"
   ]
  },
  {
   "cell_type": "code",
   "execution_count": 2,
   "id": "c18de780",
   "metadata": {
    "scrolled": true
   },
   "outputs": [],
   "source": [
    "df_t = sql.connect(host = \"localhost\",user=\"rupesh\",password=\"12345\",database=\"renal\")\n",
    "sql_query=\"SELECT * FROM renal.solar_mixed;\"\n"
   ]
  },
  {
   "cell_type": "code",
   "execution_count": 3,
   "id": "7018b311",
   "metadata": {},
   "outputs": [
    {
     "name": "stderr",
     "output_type": "stream",
     "text": [
      "C:\\Users\\Sai Ram\\anaconda3\\lib\\site-packages\\pandas\\io\\sql.py:762: UserWarning: pandas only support SQLAlchemy connectable(engine/connection) ordatabase string URI or sqlite3 DBAPI2 connectionother DBAPI2 objects are not tested, please consider using SQLAlchemy\n",
      "  warnings.warn(\n"
     ]
    }
   ],
   "source": [
    "df = pd.read_sql(sql_query,df_t)"
   ]
  },
  {
   "cell_type": "code",
   "execution_count": 4,
   "id": "b36e309b",
   "metadata": {},
   "outputs": [
    {
     "data": {
      "text/html": [
       "<div>\n",
       "<style scoped>\n",
       "    .dataframe tbody tr th:only-of-type {\n",
       "        vertical-align: middle;\n",
       "    }\n",
       "\n",
       "    .dataframe tbody tr th {\n",
       "        vertical-align: top;\n",
       "    }\n",
       "\n",
       "    .dataframe thead th {\n",
       "        text-align: right;\n",
       "    }\n",
       "</style>\n",
       "<table border=\"1\" class=\"dataframe\">\n",
       "  <thead>\n",
       "    <tr style=\"text-align: right;\">\n",
       "      <th></th>\n",
       "      <th>Time</th>\n",
       "      <th>Ipv</th>\n",
       "      <th>Vpv</th>\n",
       "      <th>Vdc</th>\n",
       "      <th>ia</th>\n",
       "      <th>ib</th>\n",
       "      <th>ic</th>\n",
       "      <th>va</th>\n",
       "      <th>vb</th>\n",
       "      <th>vc</th>\n",
       "      <th>Iabc</th>\n",
       "      <th>If</th>\n",
       "      <th>Vabc</th>\n",
       "      <th>Vf</th>\n",
       "      <th>label</th>\n",
       "    </tr>\n",
       "  </thead>\n",
       "  <tbody>\n",
       "    <tr>\n",
       "      <th>0</th>\n",
       "      <td>0.000041</td>\n",
       "      <td>2.369843</td>\n",
       "      <td>90.429688</td>\n",
       "      <td>147.949219</td>\n",
       "      <td>0.616820</td>\n",
       "      <td>-0.530396</td>\n",
       "      <td>-0.160283</td>\n",
       "      <td>-146.003418</td>\n",
       "      <td>120.255127</td>\n",
       "      <td>25.595601</td>\n",
       "      <td>1</td>\n",
       "      <td>50</td>\n",
       "      <td>1</td>\n",
       "      <td>50</td>\n",
       "      <td>1</td>\n",
       "    </tr>\n",
       "    <tr>\n",
       "      <th>1</th>\n",
       "      <td>0.000141</td>\n",
       "      <td>2.449310</td>\n",
       "      <td>90.161133</td>\n",
       "      <td>148.535156</td>\n",
       "      <td>0.603393</td>\n",
       "      <td>-0.543823</td>\n",
       "      <td>-0.193853</td>\n",
       "      <td>-147.052155</td>\n",
       "      <td>117.362060</td>\n",
       "      <td>29.951274</td>\n",
       "      <td>1</td>\n",
       "      <td>50</td>\n",
       "      <td>1</td>\n",
       "      <td>50</td>\n",
       "      <td>1</td>\n",
       "    </tr>\n",
       "    <tr>\n",
       "      <th>2</th>\n",
       "      <td>0.000241</td>\n",
       "      <td>2.345245</td>\n",
       "      <td>90.740967</td>\n",
       "      <td>147.656250</td>\n",
       "      <td>0.630248</td>\n",
       "      <td>-0.503540</td>\n",
       "      <td>-0.193853</td>\n",
       "      <td>-149.463043</td>\n",
       "      <td>113.564911</td>\n",
       "      <td>35.094503</td>\n",
       "      <td>1</td>\n",
       "      <td>50</td>\n",
       "      <td>1</td>\n",
       "      <td>50</td>\n",
       "      <td>1</td>\n",
       "    </tr>\n",
       "    <tr>\n",
       "      <th>3</th>\n",
       "      <td>0.000341</td>\n",
       "      <td>2.176849</td>\n",
       "      <td>91.003418</td>\n",
       "      <td>147.656250</td>\n",
       "      <td>0.636962</td>\n",
       "      <td>-0.496826</td>\n",
       "      <td>-0.213994</td>\n",
       "      <td>-149.559479</td>\n",
       "      <td>112.058105</td>\n",
       "      <td>39.361776</td>\n",
       "      <td>1</td>\n",
       "      <td>50</td>\n",
       "      <td>1</td>\n",
       "      <td>50</td>\n",
       "      <td>1</td>\n",
       "    </tr>\n",
       "    <tr>\n",
       "      <th>4</th>\n",
       "      <td>0.000441</td>\n",
       "      <td>2.226044</td>\n",
       "      <td>91.113281</td>\n",
       "      <td>147.363281</td>\n",
       "      <td>0.643676</td>\n",
       "      <td>-0.483398</td>\n",
       "      <td>-0.227422</td>\n",
       "      <td>-151.982422</td>\n",
       "      <td>106.271973</td>\n",
       "      <td>45.336761</td>\n",
       "      <td>1</td>\n",
       "      <td>50</td>\n",
       "      <td>1</td>\n",
       "      <td>50</td>\n",
       "      <td>1</td>\n",
       "    </tr>\n",
       "    <tr>\n",
       "      <th>...</th>\n",
       "      <td>...</td>\n",
       "      <td>...</td>\n",
       "      <td>...</td>\n",
       "      <td>...</td>\n",
       "      <td>...</td>\n",
       "      <td>...</td>\n",
       "      <td>...</td>\n",
       "      <td>...</td>\n",
       "      <td>...</td>\n",
       "      <td>...</td>\n",
       "      <td>...</td>\n",
       "      <td>...</td>\n",
       "      <td>...</td>\n",
       "      <td>...</td>\n",
       "      <td>...</td>\n",
       "    </tr>\n",
       "    <tr>\n",
       "      <th>56629</th>\n",
       "      <td>0.201266</td>\n",
       "      <td>2.305511</td>\n",
       "      <td>87.182617</td>\n",
       "      <td>148.828125</td>\n",
       "      <td>-0.316407</td>\n",
       "      <td>0.711670</td>\n",
       "      <td>-0.401982</td>\n",
       "      <td>45.204163</td>\n",
       "      <td>-149.414825</td>\n",
       "      <td>110.338338</td>\n",
       "      <td>1</td>\n",
       "      <td>50</td>\n",
       "      <td>156</td>\n",
       "      <td>50</td>\n",
       "      <td>0</td>\n",
       "    </tr>\n",
       "    <tr>\n",
       "      <th>56630</th>\n",
       "      <td>0.201366</td>\n",
       "      <td>2.331055</td>\n",
       "      <td>86.810303</td>\n",
       "      <td>148.828125</td>\n",
       "      <td>-0.323121</td>\n",
       "      <td>0.711670</td>\n",
       "      <td>-0.422124</td>\n",
       "      <td>49.073639</td>\n",
       "      <td>-150.330963</td>\n",
       "      <td>106.999257</td>\n",
       "      <td>1</td>\n",
       "      <td>50</td>\n",
       "      <td>156</td>\n",
       "      <td>50</td>\n",
       "      <td>0</td>\n",
       "    </tr>\n",
       "    <tr>\n",
       "      <th>56631</th>\n",
       "      <td>0.201466</td>\n",
       "      <td>2.352814</td>\n",
       "      <td>86.956787</td>\n",
       "      <td>148.535156</td>\n",
       "      <td>-0.349977</td>\n",
       "      <td>0.711670</td>\n",
       "      <td>-0.368413</td>\n",
       "      <td>54.534302</td>\n",
       "      <td>-151.415863</td>\n",
       "      <td>103.266398</td>\n",
       "      <td>1</td>\n",
       "      <td>50</td>\n",
       "      <td>156</td>\n",
       "      <td>50</td>\n",
       "      <td>0</td>\n",
       "    </tr>\n",
       "    <tr>\n",
       "      <th>56632</th>\n",
       "      <td>0.201566</td>\n",
       "      <td>2.399170</td>\n",
       "      <td>86.877441</td>\n",
       "      <td>149.121094</td>\n",
       "      <td>-0.356690</td>\n",
       "      <td>0.698242</td>\n",
       "      <td>-0.388555</td>\n",
       "      <td>57.945709</td>\n",
       "      <td>-152.500763</td>\n",
       "      <td>99.465230</td>\n",
       "      <td>1</td>\n",
       "      <td>50</td>\n",
       "      <td>156</td>\n",
       "      <td>50</td>\n",
       "      <td>0</td>\n",
       "    </tr>\n",
       "    <tr>\n",
       "      <th>56633</th>\n",
       "      <td>0.201666</td>\n",
       "      <td>2.286591</td>\n",
       "      <td>86.962891</td>\n",
       "      <td>149.414062</td>\n",
       "      <td>-0.396974</td>\n",
       "      <td>0.704956</td>\n",
       "      <td>-0.334844</td>\n",
       "      <td>63.611298</td>\n",
       "      <td>-153.296356</td>\n",
       "      <td>95.374756</td>\n",
       "      <td>1</td>\n",
       "      <td>50</td>\n",
       "      <td>156</td>\n",
       "      <td>50</td>\n",
       "      <td>0</td>\n",
       "    </tr>\n",
       "  </tbody>\n",
       "</table>\n",
       "<p>56634 rows × 15 columns</p>\n",
       "</div>"
      ],
      "text/plain": [
       "           Time       Ipv        Vpv         Vdc        ia        ib  \\\n",
       "0      0.000041  2.369843  90.429688  147.949219  0.616820 -0.530396   \n",
       "1      0.000141  2.449310  90.161133  148.535156  0.603393 -0.543823   \n",
       "2      0.000241  2.345245  90.740967  147.656250  0.630248 -0.503540   \n",
       "3      0.000341  2.176849  91.003418  147.656250  0.636962 -0.496826   \n",
       "4      0.000441  2.226044  91.113281  147.363281  0.643676 -0.483398   \n",
       "...         ...       ...        ...         ...       ...       ...   \n",
       "56629  0.201266  2.305511  87.182617  148.828125 -0.316407  0.711670   \n",
       "56630  0.201366  2.331055  86.810303  148.828125 -0.323121  0.711670   \n",
       "56631  0.201466  2.352814  86.956787  148.535156 -0.349977  0.711670   \n",
       "56632  0.201566  2.399170  86.877441  149.121094 -0.356690  0.698242   \n",
       "56633  0.201666  2.286591  86.962891  149.414062 -0.396974  0.704956   \n",
       "\n",
       "             ic          va          vb          vc  Iabc  If  Vabc  Vf  label  \n",
       "0     -0.160283 -146.003418  120.255127   25.595601     1  50     1  50      1  \n",
       "1     -0.193853 -147.052155  117.362060   29.951274     1  50     1  50      1  \n",
       "2     -0.193853 -149.463043  113.564911   35.094503     1  50     1  50      1  \n",
       "3     -0.213994 -149.559479  112.058105   39.361776     1  50     1  50      1  \n",
       "4     -0.227422 -151.982422  106.271973   45.336761     1  50     1  50      1  \n",
       "...         ...         ...         ...         ...   ...  ..   ...  ..    ...  \n",
       "56629 -0.401982   45.204163 -149.414825  110.338338     1  50   156  50      0  \n",
       "56630 -0.422124   49.073639 -150.330963  106.999257     1  50   156  50      0  \n",
       "56631 -0.368413   54.534302 -151.415863  103.266398     1  50   156  50      0  \n",
       "56632 -0.388555   57.945709 -152.500763   99.465230     1  50   156  50      0  \n",
       "56633 -0.334844   63.611298 -153.296356   95.374756     1  50   156  50      0  \n",
       "\n",
       "[56634 rows x 15 columns]"
      ]
     },
     "execution_count": 4,
     "metadata": {},
     "output_type": "execute_result"
    }
   ],
   "source": [
    "df"
   ]
  },
  {
   "cell_type": "code",
   "execution_count": 5,
   "id": "7de06762",
   "metadata": {},
   "outputs": [],
   "source": [
    "df = df.drop([\"Time\"],axis=1)"
   ]
  },
  {
   "cell_type": "code",
   "execution_count": 6,
   "id": "b0dc4240",
   "metadata": {},
   "outputs": [
    {
     "data": {
      "text/plain": [
       "0    28318\n",
       "1    28316\n",
       "Name: label, dtype: int64"
      ]
     },
     "execution_count": 6,
     "metadata": {},
     "output_type": "execute_result"
    }
   ],
   "source": [
    "df['label'].value_counts()"
   ]
  },
  {
   "cell_type": "markdown",
   "id": "841b6474",
   "metadata": {},
   "source": [
    "# Auto-EDA"
   ]
  },
  {
   "cell_type": "code",
   "execution_count": 7,
   "id": "51dae662",
   "metadata": {},
   "outputs": [],
   "source": [
    "#import pandas_profiling as pp"
   ]
  },
  {
   "cell_type": "code",
   "execution_count": 8,
   "id": "965aa5a7",
   "metadata": {},
   "outputs": [],
   "source": [
    "#pp.ProfileReport(df)"
   ]
  },
  {
   "cell_type": "markdown",
   "id": "bebf569f",
   "metadata": {},
   "source": [
    "# EDA"
   ]
  },
  {
   "cell_type": "code",
   "execution_count": 9,
   "id": "34e0fa4f",
   "metadata": {},
   "outputs": [
    {
     "data": {
      "text/html": [
       "<div>\n",
       "<style scoped>\n",
       "    .dataframe tbody tr th:only-of-type {\n",
       "        vertical-align: middle;\n",
       "    }\n",
       "\n",
       "    .dataframe tbody tr th {\n",
       "        vertical-align: top;\n",
       "    }\n",
       "\n",
       "    .dataframe thead th {\n",
       "        text-align: right;\n",
       "    }\n",
       "</style>\n",
       "<table border=\"1\" class=\"dataframe\">\n",
       "  <thead>\n",
       "    <tr style=\"text-align: right;\">\n",
       "      <th></th>\n",
       "      <th>Ipv</th>\n",
       "      <th>Vpv</th>\n",
       "      <th>Vdc</th>\n",
       "      <th>ia</th>\n",
       "      <th>ib</th>\n",
       "      <th>ic</th>\n",
       "      <th>va</th>\n",
       "      <th>vb</th>\n",
       "      <th>vc</th>\n",
       "      <th>Iabc</th>\n",
       "      <th>If</th>\n",
       "      <th>Vabc</th>\n",
       "      <th>Vf</th>\n",
       "      <th>label</th>\n",
       "    </tr>\n",
       "  </thead>\n",
       "  <tbody>\n",
       "    <tr>\n",
       "      <th>count</th>\n",
       "      <td>56634.000000</td>\n",
       "      <td>56634.000000</td>\n",
       "      <td>56634.000000</td>\n",
       "      <td>56634.000000</td>\n",
       "      <td>56634.000000</td>\n",
       "      <td>56634.000000</td>\n",
       "      <td>56634.000000</td>\n",
       "      <td>56634.000000</td>\n",
       "      <td>56634.000000</td>\n",
       "      <td>56634.000000</td>\n",
       "      <td>56634.000000</td>\n",
       "      <td>56634.000000</td>\n",
       "      <td>56634.000000</td>\n",
       "      <td>56634.000000</td>\n",
       "    </tr>\n",
       "    <tr>\n",
       "      <th>mean</th>\n",
       "      <td>1.896756</td>\n",
       "      <td>94.463172</td>\n",
       "      <td>145.809456</td>\n",
       "      <td>-0.014438</td>\n",
       "      <td>0.006081</td>\n",
       "      <td>-0.021652</td>\n",
       "      <td>1.069118</td>\n",
       "      <td>0.081755</td>\n",
       "      <td>1.080606</td>\n",
       "      <td>0.585479</td>\n",
       "      <td>50.028781</td>\n",
       "      <td>145.019441</td>\n",
       "      <td>49.995745</td>\n",
       "      <td>0.499982</td>\n",
       "    </tr>\n",
       "    <tr>\n",
       "      <th>std</th>\n",
       "      <td>0.409502</td>\n",
       "      <td>7.110356</td>\n",
       "      <td>2.232900</td>\n",
       "      <td>0.421103</td>\n",
       "      <td>0.428698</td>\n",
       "      <td>0.407813</td>\n",
       "      <td>109.806693</td>\n",
       "      <td>109.915514</td>\n",
       "      <td>109.804489</td>\n",
       "      <td>0.492644</td>\n",
       "      <td>0.323890</td>\n",
       "      <td>36.146492</td>\n",
       "      <td>0.065095</td>\n",
       "      <td>0.500004</td>\n",
       "    </tr>\n",
       "    <tr>\n",
       "      <th>min</th>\n",
       "      <td>0.930908</td>\n",
       "      <td>73.126221</td>\n",
       "      <td>131.835938</td>\n",
       "      <td>-0.806520</td>\n",
       "      <td>-0.892944</td>\n",
       "      <td>-0.811528</td>\n",
       "      <td>-161.216126</td>\n",
       "      <td>-161.216126</td>\n",
       "      <td>-159.275360</td>\n",
       "      <td>0.000000</td>\n",
       "      <td>49.000000</td>\n",
       "      <td>1.000000</td>\n",
       "      <td>49.000000</td>\n",
       "      <td>0.000000</td>\n",
       "    </tr>\n",
       "    <tr>\n",
       "      <th>25%</th>\n",
       "      <td>1.489075</td>\n",
       "      <td>89.996338</td>\n",
       "      <td>143.847656</td>\n",
       "      <td>-0.403687</td>\n",
       "      <td>-0.389404</td>\n",
       "      <td>-0.388555</td>\n",
       "      <td>-108.514099</td>\n",
       "      <td>-109.764748</td>\n",
       "      <td>-108.722038</td>\n",
       "      <td>0.000000</td>\n",
       "      <td>50.000000</td>\n",
       "      <td>155.000000</td>\n",
       "      <td>50.000000</td>\n",
       "      <td>0.000000</td>\n",
       "    </tr>\n",
       "    <tr>\n",
       "      <th>50%</th>\n",
       "      <td>1.880737</td>\n",
       "      <td>92.218018</td>\n",
       "      <td>145.019531</td>\n",
       "      <td>-0.014283</td>\n",
       "      <td>0.013428</td>\n",
       "      <td>-0.039434</td>\n",
       "      <td>1.579132</td>\n",
       "      <td>-0.397797</td>\n",
       "      <td>1.426442</td>\n",
       "      <td>1.000000</td>\n",
       "      <td>50.000000</td>\n",
       "      <td>155.000000</td>\n",
       "      <td>50.000000</td>\n",
       "      <td>0.000000</td>\n",
       "    </tr>\n",
       "    <tr>\n",
       "      <th>75%</th>\n",
       "      <td>2.288483</td>\n",
       "      <td>101.257324</td>\n",
       "      <td>147.949219</td>\n",
       "      <td>0.381835</td>\n",
       "      <td>0.402832</td>\n",
       "      <td>0.363398</td>\n",
       "      <td>111.057587</td>\n",
       "      <td>110.271034</td>\n",
       "      <td>110.960147</td>\n",
       "      <td>1.000000</td>\n",
       "      <td>50.000000</td>\n",
       "      <td>155.000000</td>\n",
       "      <td>50.000000</td>\n",
       "      <td>1.000000</td>\n",
       "    </tr>\n",
       "    <tr>\n",
       "      <th>max</th>\n",
       "      <td>3.213715</td>\n",
       "      <td>103.656006</td>\n",
       "      <td>154.394531</td>\n",
       "      <td>0.818236</td>\n",
       "      <td>0.812378</td>\n",
       "      <td>0.746089</td>\n",
       "      <td>159.636993</td>\n",
       "      <td>159.636993</td>\n",
       "      <td>158.998108</td>\n",
       "      <td>1.000000</td>\n",
       "      <td>51.000000</td>\n",
       "      <td>156.000000</td>\n",
       "      <td>50.000000</td>\n",
       "      <td>1.000000</td>\n",
       "    </tr>\n",
       "  </tbody>\n",
       "</table>\n",
       "</div>"
      ],
      "text/plain": [
       "                Ipv           Vpv           Vdc            ia            ib  \\\n",
       "count  56634.000000  56634.000000  56634.000000  56634.000000  56634.000000   \n",
       "mean       1.896756     94.463172    145.809456     -0.014438      0.006081   \n",
       "std        0.409502      7.110356      2.232900      0.421103      0.428698   \n",
       "min        0.930908     73.126221    131.835938     -0.806520     -0.892944   \n",
       "25%        1.489075     89.996338    143.847656     -0.403687     -0.389404   \n",
       "50%        1.880737     92.218018    145.019531     -0.014283      0.013428   \n",
       "75%        2.288483    101.257324    147.949219      0.381835      0.402832   \n",
       "max        3.213715    103.656006    154.394531      0.818236      0.812378   \n",
       "\n",
       "                 ic            va            vb            vc          Iabc  \\\n",
       "count  56634.000000  56634.000000  56634.000000  56634.000000  56634.000000   \n",
       "mean      -0.021652      1.069118      0.081755      1.080606      0.585479   \n",
       "std        0.407813    109.806693    109.915514    109.804489      0.492644   \n",
       "min       -0.811528   -161.216126   -161.216126   -159.275360      0.000000   \n",
       "25%       -0.388555   -108.514099   -109.764748   -108.722038      0.000000   \n",
       "50%       -0.039434      1.579132     -0.397797      1.426442      1.000000   \n",
       "75%        0.363398    111.057587    110.271034    110.960147      1.000000   \n",
       "max        0.746089    159.636993    159.636993    158.998108      1.000000   \n",
       "\n",
       "                 If          Vabc            Vf         label  \n",
       "count  56634.000000  56634.000000  56634.000000  56634.000000  \n",
       "mean      50.028781    145.019441     49.995745      0.499982  \n",
       "std        0.323890     36.146492      0.065095      0.500004  \n",
       "min       49.000000      1.000000     49.000000      0.000000  \n",
       "25%       50.000000    155.000000     50.000000      0.000000  \n",
       "50%       50.000000    155.000000     50.000000      0.000000  \n",
       "75%       50.000000    155.000000     50.000000      1.000000  \n",
       "max       51.000000    156.000000     50.000000      1.000000  "
      ]
     },
     "execution_count": 9,
     "metadata": {},
     "output_type": "execute_result"
    }
   ],
   "source": [
    "df.describe()"
   ]
  },
  {
   "cell_type": "code",
   "execution_count": 10,
   "id": "290b6d35",
   "metadata": {},
   "outputs": [
    {
     "data": {
      "text/html": [
       "<div>\n",
       "<style scoped>\n",
       "    .dataframe tbody tr th:only-of-type {\n",
       "        vertical-align: middle;\n",
       "    }\n",
       "\n",
       "    .dataframe tbody tr th {\n",
       "        vertical-align: top;\n",
       "    }\n",
       "\n",
       "    .dataframe thead th {\n",
       "        text-align: right;\n",
       "    }\n",
       "</style>\n",
       "<table border=\"1\" class=\"dataframe\">\n",
       "  <thead>\n",
       "    <tr style=\"text-align: right;\">\n",
       "      <th></th>\n",
       "      <th>Ipv</th>\n",
       "      <th>Vpv</th>\n",
       "      <th>Vdc</th>\n",
       "      <th>ia</th>\n",
       "      <th>ib</th>\n",
       "      <th>ic</th>\n",
       "      <th>va</th>\n",
       "      <th>vb</th>\n",
       "      <th>vc</th>\n",
       "      <th>Iabc</th>\n",
       "      <th>If</th>\n",
       "      <th>Vabc</th>\n",
       "      <th>Vf</th>\n",
       "      <th>label</th>\n",
       "    </tr>\n",
       "  </thead>\n",
       "  <tbody>\n",
       "    <tr>\n",
       "      <th>Ipv</th>\n",
       "      <td>1.000000</td>\n",
       "      <td>-0.813340</td>\n",
       "      <td>0.878458</td>\n",
       "      <td>0.003634</td>\n",
       "      <td>-0.005687</td>\n",
       "      <td>-0.020242</td>\n",
       "      <td>0.001973</td>\n",
       "      <td>-0.004103</td>\n",
       "      <td>-0.000448</td>\n",
       "      <td>0.679709</td>\n",
       "      <td>0.201457</td>\n",
       "      <td>-0.001282</td>\n",
       "      <td>0.029220</td>\n",
       "      <td>-0.019567</td>\n",
       "    </tr>\n",
       "    <tr>\n",
       "      <th>Vpv</th>\n",
       "      <td>-0.813340</td>\n",
       "      <td>1.000000</td>\n",
       "      <td>-0.648988</td>\n",
       "      <td>-0.001984</td>\n",
       "      <td>-0.002940</td>\n",
       "      <td>0.011223</td>\n",
       "      <td>-0.002161</td>\n",
       "      <td>0.004847</td>\n",
       "      <td>-0.001091</td>\n",
       "      <td>-0.482541</td>\n",
       "      <td>-0.279072</td>\n",
       "      <td>0.027691</td>\n",
       "      <td>-0.037670</td>\n",
       "      <td>0.208622</td>\n",
       "    </tr>\n",
       "    <tr>\n",
       "      <th>Vdc</th>\n",
       "      <td>0.878458</td>\n",
       "      <td>-0.648988</td>\n",
       "      <td>1.000000</td>\n",
       "      <td>-0.012625</td>\n",
       "      <td>0.017852</td>\n",
       "      <td>-0.028406</td>\n",
       "      <td>0.022330</td>\n",
       "      <td>-0.028746</td>\n",
       "      <td>0.008690</td>\n",
       "      <td>0.717437</td>\n",
       "      <td>0.182407</td>\n",
       "      <td>-0.010388</td>\n",
       "      <td>0.019390</td>\n",
       "      <td>-0.107153</td>\n",
       "    </tr>\n",
       "    <tr>\n",
       "      <th>ia</th>\n",
       "      <td>0.003634</td>\n",
       "      <td>-0.001984</td>\n",
       "      <td>-0.012625</td>\n",
       "      <td>1.000000</td>\n",
       "      <td>-0.525390</td>\n",
       "      <td>-0.478198</td>\n",
       "      <td>-0.980717</td>\n",
       "      <td>0.507105</td>\n",
       "      <td>0.473116</td>\n",
       "      <td>0.006173</td>\n",
       "      <td>-0.018677</td>\n",
       "      <td>0.000741</td>\n",
       "      <td>0.024178</td>\n",
       "      <td>0.008872</td>\n",
       "    </tr>\n",
       "    <tr>\n",
       "      <th>ib</th>\n",
       "      <td>-0.005687</td>\n",
       "      <td>-0.002940</td>\n",
       "      <td>0.017852</td>\n",
       "      <td>-0.525390</td>\n",
       "      <td>1.000000</td>\n",
       "      <td>-0.491468</td>\n",
       "      <td>0.507696</td>\n",
       "      <td>-0.978375</td>\n",
       "      <td>0.479839</td>\n",
       "      <td>-0.003261</td>\n",
       "      <td>0.010815</td>\n",
       "      <td>0.008489</td>\n",
       "      <td>-0.061997</td>\n",
       "      <td>-0.011101</td>\n",
       "    </tr>\n",
       "    <tr>\n",
       "      <th>ic</th>\n",
       "      <td>-0.020242</td>\n",
       "      <td>0.011223</td>\n",
       "      <td>-0.028406</td>\n",
       "      <td>-0.478198</td>\n",
       "      <td>-0.491468</td>\n",
       "      <td>1.000000</td>\n",
       "      <td>0.477743</td>\n",
       "      <td>0.491502</td>\n",
       "      <td>-0.978519</td>\n",
       "      <td>-0.026438</td>\n",
       "      <td>0.012135</td>\n",
       "      <td>-0.017166</td>\n",
       "      <td>0.040139</td>\n",
       "      <td>-0.033254</td>\n",
       "    </tr>\n",
       "    <tr>\n",
       "      <th>va</th>\n",
       "      <td>0.001973</td>\n",
       "      <td>-0.002161</td>\n",
       "      <td>0.022330</td>\n",
       "      <td>-0.980717</td>\n",
       "      <td>0.507696</td>\n",
       "      <td>0.477743</td>\n",
       "      <td>1.000000</td>\n",
       "      <td>-0.509140</td>\n",
       "      <td>-0.490381</td>\n",
       "      <td>-0.003236</td>\n",
       "      <td>0.017844</td>\n",
       "      <td>0.000923</td>\n",
       "      <td>-0.025581</td>\n",
       "      <td>0.000785</td>\n",
       "    </tr>\n",
       "    <tr>\n",
       "      <th>vb</th>\n",
       "      <td>-0.004103</td>\n",
       "      <td>0.004847</td>\n",
       "      <td>-0.028746</td>\n",
       "      <td>0.507105</td>\n",
       "      <td>-0.978375</td>\n",
       "      <td>0.491502</td>\n",
       "      <td>-0.509140</td>\n",
       "      <td>1.000000</td>\n",
       "      <td>-0.500099</td>\n",
       "      <td>-0.005390</td>\n",
       "      <td>-0.008719</td>\n",
       "      <td>-0.009756</td>\n",
       "      <td>0.066668</td>\n",
       "      <td>0.002835</td>\n",
       "    </tr>\n",
       "    <tr>\n",
       "      <th>vc</th>\n",
       "      <td>-0.000448</td>\n",
       "      <td>-0.001091</td>\n",
       "      <td>0.008690</td>\n",
       "      <td>0.473116</td>\n",
       "      <td>0.479839</td>\n",
       "      <td>-0.978519</td>\n",
       "      <td>-0.490381</td>\n",
       "      <td>-0.500099</td>\n",
       "      <td>1.000000</td>\n",
       "      <td>0.008805</td>\n",
       "      <td>-0.009126</td>\n",
       "      <td>0.009500</td>\n",
       "      <td>-0.042469</td>\n",
       "      <td>-0.005132</td>\n",
       "    </tr>\n",
       "    <tr>\n",
       "      <th>Iabc</th>\n",
       "      <td>0.679709</td>\n",
       "      <td>-0.482541</td>\n",
       "      <td>0.717437</td>\n",
       "      <td>0.006173</td>\n",
       "      <td>-0.003261</td>\n",
       "      <td>-0.026438</td>\n",
       "      <td>-0.003236</td>\n",
       "      <td>-0.005390</td>\n",
       "      <td>0.008805</td>\n",
       "      <td>1.000000</td>\n",
       "      <td>0.109298</td>\n",
       "      <td>-0.173368</td>\n",
       "      <td>0.043003</td>\n",
       "      <td>0.011368</td>\n",
       "    </tr>\n",
       "    <tr>\n",
       "      <th>If</th>\n",
       "      <td>0.201457</td>\n",
       "      <td>-0.279072</td>\n",
       "      <td>0.182407</td>\n",
       "      <td>-0.018677</td>\n",
       "      <td>0.010815</td>\n",
       "      <td>0.012135</td>\n",
       "      <td>0.017844</td>\n",
       "      <td>-0.008719</td>\n",
       "      <td>-0.009126</td>\n",
       "      <td>0.109298</td>\n",
       "      <td>1.000000</td>\n",
       "      <td>0.024681</td>\n",
       "      <td>0.005809</td>\n",
       "      <td>-0.138251</td>\n",
       "    </tr>\n",
       "    <tr>\n",
       "      <th>Vabc</th>\n",
       "      <td>-0.001282</td>\n",
       "      <td>0.027691</td>\n",
       "      <td>-0.010388</td>\n",
       "      <td>0.000741</td>\n",
       "      <td>0.008489</td>\n",
       "      <td>-0.017166</td>\n",
       "      <td>0.000923</td>\n",
       "      <td>-0.009756</td>\n",
       "      <td>0.009500</td>\n",
       "      <td>-0.173368</td>\n",
       "      <td>0.024681</td>\n",
       "      <td>1.000000</td>\n",
       "      <td>0.012853</td>\n",
       "      <td>0.207120</td>\n",
       "    </tr>\n",
       "    <tr>\n",
       "      <th>Vf</th>\n",
       "      <td>0.029220</td>\n",
       "      <td>-0.037670</td>\n",
       "      <td>0.019390</td>\n",
       "      <td>0.024178</td>\n",
       "      <td>-0.061997</td>\n",
       "      <td>0.040139</td>\n",
       "      <td>-0.025581</td>\n",
       "      <td>0.066668</td>\n",
       "      <td>-0.042469</td>\n",
       "      <td>0.043003</td>\n",
       "      <td>0.005809</td>\n",
       "      <td>0.012853</td>\n",
       "      <td>1.000000</td>\n",
       "      <td>0.031192</td>\n",
       "    </tr>\n",
       "    <tr>\n",
       "      <th>label</th>\n",
       "      <td>-0.019567</td>\n",
       "      <td>0.208622</td>\n",
       "      <td>-0.107153</td>\n",
       "      <td>0.008872</td>\n",
       "      <td>-0.011101</td>\n",
       "      <td>-0.033254</td>\n",
       "      <td>0.000785</td>\n",
       "      <td>0.002835</td>\n",
       "      <td>-0.005132</td>\n",
       "      <td>0.011368</td>\n",
       "      <td>-0.138251</td>\n",
       "      <td>0.207120</td>\n",
       "      <td>0.031192</td>\n",
       "      <td>1.000000</td>\n",
       "    </tr>\n",
       "  </tbody>\n",
       "</table>\n",
       "</div>"
      ],
      "text/plain": [
       "            Ipv       Vpv       Vdc        ia        ib        ic        va  \\\n",
       "Ipv    1.000000 -0.813340  0.878458  0.003634 -0.005687 -0.020242  0.001973   \n",
       "Vpv   -0.813340  1.000000 -0.648988 -0.001984 -0.002940  0.011223 -0.002161   \n",
       "Vdc    0.878458 -0.648988  1.000000 -0.012625  0.017852 -0.028406  0.022330   \n",
       "ia     0.003634 -0.001984 -0.012625  1.000000 -0.525390 -0.478198 -0.980717   \n",
       "ib    -0.005687 -0.002940  0.017852 -0.525390  1.000000 -0.491468  0.507696   \n",
       "ic    -0.020242  0.011223 -0.028406 -0.478198 -0.491468  1.000000  0.477743   \n",
       "va     0.001973 -0.002161  0.022330 -0.980717  0.507696  0.477743  1.000000   \n",
       "vb    -0.004103  0.004847 -0.028746  0.507105 -0.978375  0.491502 -0.509140   \n",
       "vc    -0.000448 -0.001091  0.008690  0.473116  0.479839 -0.978519 -0.490381   \n",
       "Iabc   0.679709 -0.482541  0.717437  0.006173 -0.003261 -0.026438 -0.003236   \n",
       "If     0.201457 -0.279072  0.182407 -0.018677  0.010815  0.012135  0.017844   \n",
       "Vabc  -0.001282  0.027691 -0.010388  0.000741  0.008489 -0.017166  0.000923   \n",
       "Vf     0.029220 -0.037670  0.019390  0.024178 -0.061997  0.040139 -0.025581   \n",
       "label -0.019567  0.208622 -0.107153  0.008872 -0.011101 -0.033254  0.000785   \n",
       "\n",
       "             vb        vc      Iabc        If      Vabc        Vf     label  \n",
       "Ipv   -0.004103 -0.000448  0.679709  0.201457 -0.001282  0.029220 -0.019567  \n",
       "Vpv    0.004847 -0.001091 -0.482541 -0.279072  0.027691 -0.037670  0.208622  \n",
       "Vdc   -0.028746  0.008690  0.717437  0.182407 -0.010388  0.019390 -0.107153  \n",
       "ia     0.507105  0.473116  0.006173 -0.018677  0.000741  0.024178  0.008872  \n",
       "ib    -0.978375  0.479839 -0.003261  0.010815  0.008489 -0.061997 -0.011101  \n",
       "ic     0.491502 -0.978519 -0.026438  0.012135 -0.017166  0.040139 -0.033254  \n",
       "va    -0.509140 -0.490381 -0.003236  0.017844  0.000923 -0.025581  0.000785  \n",
       "vb     1.000000 -0.500099 -0.005390 -0.008719 -0.009756  0.066668  0.002835  \n",
       "vc    -0.500099  1.000000  0.008805 -0.009126  0.009500 -0.042469 -0.005132  \n",
       "Iabc  -0.005390  0.008805  1.000000  0.109298 -0.173368  0.043003  0.011368  \n",
       "If    -0.008719 -0.009126  0.109298  1.000000  0.024681  0.005809 -0.138251  \n",
       "Vabc  -0.009756  0.009500 -0.173368  0.024681  1.000000  0.012853  0.207120  \n",
       "Vf     0.066668 -0.042469  0.043003  0.005809  0.012853  1.000000  0.031192  \n",
       "label  0.002835 -0.005132  0.011368 -0.138251  0.207120  0.031192  1.000000  "
      ]
     },
     "execution_count": 10,
     "metadata": {},
     "output_type": "execute_result"
    }
   ],
   "source": [
    "#finding correlation between the the attributes\n",
    "df.corr()"
   ]
  },
  {
   "cell_type": "code",
   "execution_count": 11,
   "id": "094d380b",
   "metadata": {},
   "outputs": [
    {
     "data": {
      "text/plain": [
       "Ipv          0.167692\n",
       "Vpv         50.557163\n",
       "Vdc          4.985844\n",
       "ia           0.177328\n",
       "ib           0.183782\n",
       "ic           0.166312\n",
       "va       12057.509837\n",
       "vb       12081.420287\n",
       "vc       12057.025789\n",
       "Iabc         0.242698\n",
       "If           0.104905\n",
       "Vabc      1306.568919\n",
       "Vf           0.004237\n",
       "label        0.250004\n",
       "dtype: float64"
      ]
     },
     "execution_count": 11,
     "metadata": {},
     "output_type": "execute_result"
    }
   ],
   "source": [
    "df.var()"
   ]
  },
  {
   "cell_type": "code",
   "execution_count": 12,
   "id": "ba6d0cb5",
   "metadata": {},
   "outputs": [
    {
     "data": {
      "text/plain": [
       "Ipv        0.409502\n",
       "Vpv        7.110356\n",
       "Vdc        2.232900\n",
       "ia         0.421103\n",
       "ib         0.428698\n",
       "ic         0.407813\n",
       "va       109.806693\n",
       "vb       109.915514\n",
       "vc       109.804489\n",
       "Iabc       0.492644\n",
       "If         0.323890\n",
       "Vabc      36.146492\n",
       "Vf         0.065095\n",
       "label      0.500004\n",
       "dtype: float64"
      ]
     },
     "execution_count": 12,
     "metadata": {},
     "output_type": "execute_result"
    }
   ],
   "source": [
    "df.std()"
   ]
  },
  {
   "cell_type": "markdown",
   "id": "e1e9e48e",
   "metadata": {},
   "source": [
    "# Countplot"
   ]
  },
  {
   "cell_type": "code",
   "execution_count": 13,
   "id": "e8fc06ff",
   "metadata": {},
   "outputs": [
    {
     "name": "stderr",
     "output_type": "stream",
     "text": [
      "C:\\Users\\Sai Ram\\anaconda3\\lib\\site-packages\\seaborn\\_decorators.py:36: FutureWarning: Pass the following variable as a keyword arg: x. From version 0.12, the only valid positional argument will be `data`, and passing other arguments without an explicit keyword will result in an error or misinterpretation.\n",
      "  warnings.warn(\n"
     ]
    },
    {
     "data": {
